standardizeInput
0.0;7.4860067;13.407835;5.04067;0.16538145;-0.65638113;1.30153;0.77610475;-1.0268002;-0.9791156;-3.4864047;-1.9865267;-0.66283894;86.560555;-2.1508893E-6;-1.3960952E-4;-4.941946E-5;-3.4914454E-4;-8.768467E-5;-1.9124107E-4;-2.1429404E-4;-1.4713958E-4;2.7187472E-5;-7.6699034E-5;-1.7406953E-4;4.9515013E-5;0.0011595108;-1.53334E-5;-6.146924E-5;-8.731138E-6;-7.4497575E-6;-2.7430999E-5;3.2965374E-5;3.2114585E-6;3.8934282E-5;2.9607247E-5;9.942759E-6;-4.0278637E-6;-2.3635057E-6;1.2628808E-4
1.0;12.759109;13.109466;13.188307;14.357676;14.5899315;14.889254;13.977972;13.800933;13.040827;12.179252;11.295784;10.250646;15.577843;2.3624184;2.83912;3.2610312;3.5982041;3.8884392;4.040378;4.1770225;4.1674895;4.0704064;3.855069;3.563827;3.23956;2.1494186;1.0191637;1.243305;1.455254;1.6251917;1.7591703;1.8293175;1.8943079;1.8909328;1.8450826;1.7447252;1.6118945;1.4649194;0.9081743
log
codebookNumeric
64;39;5;0.0;0.0
1.7633095;1.276532;1.3930314;1.8204043;-0.7086411;-0.3507036;-0.9150036;-0.0889454;-0.5773018;1.8141588;-0.64329267;-0.44655123;-1.2555354;0.29801285;0.512888;0.82961464;-0.27835912;-0.7492327;-1.4041702;-0.64411974;-0.74136204;0.6831422;0.25645658;0.39415455;0.10856181;1.0628848;-0.18030551;-1.822392;-0.39777055;2.1067665;1.8437046;3.1546726;2.1738627;2.1348822;-0.21047933;0.1490067;-0.37089884;-0.13887478;0.058077887
-1.3130729;0.31447554;-0.2175342;-0.5134026;-1.3701347;-0.9830344;-1.0621508;0.16390598;0.21756962;-1.4362729;2.1572714;-1.1386734;-0.05624054;-1.227776;0.2687142;-0.7652898;-1.2363516;0.30837172;-0.8618142;1.6613541;-0.35226673;0.7577288;0.6789807;0.4997707;0.11831943;-0.33124352;-0.19837922;0.13358183;1.3439748;0.31664786;0.34270692;0.39970133;0.21524014;-1.1372805;-0.4800877;0.29399326;-0.25164452;1.401;-0.13544694
2.962552;1.4161766;1.5891724;0.109339625;-1.9210074;-1.7639223;0.48544627;-0.6724779;0.442343;-0.07366238;-0.28316483;1.2881056;-0.42569053;-1.3767579;-0.27457252;0.3300882;0.65965956;1.678356;0.3458566;0.54482925;1.9234353;-0.50571805;-0.3571021;-0.36155435;0.14075549;-1.959017;-1.5350623;-1.762159;-0.7656382;-0.38739964;2.3660493;1.9590884;-1.0422415;-0.5837023;-1.1214101;-0.2775012;-0.7919959;-0.61939216;0.25210434
1.1308527;-0.11154094;-1.4748597;-1.0789396;0.2907027;-1.4754449;-1.5943774;0.49882883;0.70429707;-0.81937623;-0.8608105;-0.06574754;0.19229667;0.5956272;0.10603208;-0.77213997;1.3463014;0.43205553;-0.064061396;-0.8196063;-0.1077733;1.4309947;1.4705062;-1.7021302;-0.82216614;0.34276897;0.2708515;-0.4509509;-0.079236284;-0.7445279;-1.2946098;1.2806145;1.0971547;-0.1875247;-0.90524673;0.21087734;0.76178294;0.33062765;0.020171255
-0.6119077;-0.9381493;0.49146295;0.7213518;0.9611716;0.5552925;1.0905691;0.6708876;1.184872;0.83078575;0.6853025;-0.07172092;1.2166833;-1.5280236;-1.5231447;0.17501977;0.83095247;2.5056589;-1.0610386;0.06547354;0.23605752;0.32267028;0.76872915;-0.3182752;-0.6186936;1.4994684;2.64046;1.4426732;0.40972197;-1.2579426;-0.4129405;-0.6551302;-0.4860393;0.46377054;0.28603125;-0.6007981;-0.94741076;-0.030606044;-1.6990836
1.1884032;0.27572554;-0.1272624;-0.9297915;0.7362671;-0.9615539;1.0156866;-0.25234306;-1.6408367;0.528977;0.9806351;-0.32777777;-1.1441945;0.15835547;0.23591326;-0.273613;0.87232596;1.3457901;0.37111276;-0.37610346;-0.83225805;0.28792122;1.2209419;0.61649173;0.375734;-0.78893936;0.40513465;0.11721626;0.28513068;1.1701767;0.24191934;0.8076514;-0.7724744;-0.8298699;0.83255315;-0.4459368;-1.0530136;1.8977053;-0.63576573
-1.5566196;-0.96983314;-1.3156632;0.26822624;-1.1527038;1.0281212;-0.36596233;-0.56846106;2.2057762;-2.1278098;-0.65366817;1.0064168;0.6370574;0.069234885;-0.4620093;0.32540384;1.3109605;0.08681934;-0.03997428;-0.052806333;0.30804422;0.045790207;-1.4047107;-0.51109594;-1.5615174;-0.24344201;0.3638522;0.8785281;-0.38125136;-0.36499816;0.33308974;-0.23208763;0.24742043;1.0105776;-2.0863922;2.6150625;0.93676835;-0.29382885;0.9447333
-0.4643749;0.6486377;-0.42743182;-0.90453774;-1.3760873;-0.5685022;-1.3218685;0.3490938;-0.4810151;-1.0368943;-0.32397658;-0.6519453;0.4888259;0.24073079;-0.7869505;0.11823603;1.6464007;1.7821012;0.010651033;2.3493783;3.125643;0.321297;-0.3329201;-2.7761989;-0.2675763;-0.77379286;-0.48619696;-0.52701914;-0.5833347;1.1680133;1.3279265;0.6969457;0.4722192;-0.9623962;0.8201873;0.16174924;0.8455198;-0.5371628;-1.0837127
1.8951188;0.35602745;1.063496;1.7608418;0.6780739;-0.22017081;0.54882455;-0.2202051;-0.12346;0.08904724;-0.6617827;-0.83301264;0.40358964;1.0624721;-2.212817;-2.1394987;-1.740805;-1.4166652;0.6043633;0.2865608;0.2257626;0.52882326;-0.7741968;0.27592766;1.1148419;2.7149417;0.3232524;1.3715725;-0.19107114;-1.3360105;-0.7854046;-0.43560532;-1.3908628;-0.2807306;-0.23228481;-0.6495249;0.4244613;0.7233106;-1.8630905
-0.20945227;1.1361058;-0.16404058;0.8538696;0.83077866;0.9024558;-0.55684495;0.58773327;0.3166065;-0.24934077;0.30542782;-1.8307132;-1.7206643;3.6384785;-2.4765048;-1.4684635;-1.1794674;1.9116443;-0.86980003;-1.4166886;-0.56195176;-0.38726118;0.7830292;0.14049588;-1.0830559;3.4185538;1.9873294;0.32423368;-1.0835648;0.35007846;-0.9704698;-2.2018871;-0.40099794;-0.93658996;0.060497228;1.3767375;0.23666546;2.2555625;1.9514606
-1.031919;0.24384707;0.98344326;0.72273594;-0.40839353;-0.5720988;1.4274892;0.19682948;1.0155078;0.31812194;-0.6672723;1.005154;0.22059938;-0.8779175;-0.06198689;0.08398226;0.9368559;0.80474806;1.078788;0.2925428;-0.12077056;-0.101673245;-1.8921152;0.3193319;0.68653035;-0.6754923;1.0063665;-0.5635324;-0.5427165;-0.46148202;-0.6332429;1.0004005;0.23927216;-0.057451796;-0.9693771;-0.18142581;0.3261622;-1.608306;0.570676
0.09351871;0.7344412;-0.63629204;-0.5871742;-2.6282015;1.0692021;0.67917794;-1.7106721;0.31605643;-0.6575998;-0.08558107;-0.09492547;-1.0002958;1.5610069;-1.312366;-1.2256436;0.9100973;0.34967622;0.7554948;1.9954621;0.64777344;-1.4540071;-1.2487202;0.9135325;-0.77484095;1.7361977;0.7166374;0.29587102;1.7171787;-0.47784823;1.5573366;-2.2743328;-0.7763443;1.1882702;0.5930208;1.0207778;0.7837118;0.18066084;0.9592778
0.2511998;-0.8969461;-1.6179909;-1.704794;-0.53542215;1.5698955;0.2166559;-1.4508256;-2.0384328;-1.2483861;0.80544823;0.67171353;0.8480835;-0.36848158;-0.19550875;-0.120856665;0.92396384;0.23989287;-1.0534991;-0.14189123;0.4026801;-1.145503;1.6282414;0.3236701;0.19986406;-0.72175556;0.10561024;0.3509152;1.2004415;1.4613175;-0.34088042;-0.5956634;0.731941;0.3447271;0.9521992;-0.21630494;-1.1031216;0.15100898;-0.008985012
0.9544825;1.0864756;-1.1463174;-0.9152373;-1.0142074;-0.79204446;-1.324754;1.1089288;1.63995;0.23649947;-1.8534032;-0.8200088;0.9332899;1.1877561;1.4492384;1.311667;1.0409997;0.7290869;-0.47135708;0.47905883;0.8368747;1.8000308;-0.22074689;1.0463363;-1.8735003;0.5608682;-2.694086;-1.439511;1.292994;1.3169726;0.9162729;1.374226;0.7135511;-0.539924;-0.6863221;-1.1464338;1.706975;0.749065;-1.9432186
-0.8754033;-0.10193586;1.1626886;0.18468143;0.48326105;1.4033705;-0.5329852;-0.003562087;1.1931412;-0.6858529;0.38265064;-0.6691025;-0.047452297;-0.17400275;-0.47587892;-0.91460764;-2.0284002;-0.12711844;-1.0541879;-0.77450377;0.70647657;-0.10776287;0.20997132;0.5855571;-0.20188944;0.3282841;0.34790435;-0.36627135;-1.2760473;-0.83707994;-0.959197;1.0374416;-0.73732233;-0.8178831;-1.2460717;-0.43559185;0.25156745;-0.28565225;-0.22991695
-0.42507246;-0.7844857;-0.50261563;0.73479694;-0.28290755;-0.40395692;-1.5793066;-0.010761064;1.1552833;0.21986331;-0.2862886;0.45982558;0.19817623;-0.0788268;-0.15910989;0.8226913;0.3179905;-0.81937975;-1.1253334;0.20147562;-0.3631389;-0.8614221;-0.77676964;-1.4200045;-1.5493811;0.21480078;0.036582883;0.3907177;0.6343193;-0.8914821;0.19164266;1.1272248;1.8167988;0.007371191;-0.88204324;-1.8130394;-1.5699195;-0.107934326;0.078783564
-0.60532564;-0.29581746;0.47247574;-0.2793033;-1.5453414;0.199713;0.29064742;0.3833175;-0.09797782;1.024953;-0.32055774;1.1784903;0.06737718;1.1877685;0.11912358;-0.04569084;-0.5716777;0.5650165;0.2230684;-0.38515815;0.20540823;0.99167645;0.078366295;-1.7054825;0.08542623;0.90267056;-0.32590458;0.9660755;0.66945493;1.3729417;0.81058764;-0.5857737;0.48645344;-0.17029242;-0.13362914;-1.158245;0.13331802;-1.3876888;0.08278763
-0.25069714;0.15817548;-0.3859529;-2.458994;-0.8991387;-2.0451598;0.81739897;2.07837;-0.5977454;0.6687646;1.6699618;-1.093199;0.68883723;-0.86314684;0.76791286;1.3696052;-2.3762562;-0.44113836;0.8386353;1.011265;0.40272734;-0.16219018;-0.7722853;-0.6025258;-0.7414239;-0.7880243;-0.72424525;-0.8970102;0.48100033;0.30893192;0.6223493;1.9868331;-1.6801407;-2.0601063;-0.7284457;-0.21921583;-1.468799;0.26811898;-0.90666777
-0.82650936;0.49877134;0.3904038;1.1008602;-0.08794991;0.45098907;0.16522673;0.08370868;-0.83154756;-0.15563405;1.2733476;0.21002735;0.19463724;-0.39238554;0.19921821;-1.2085303;-0.053861436;1.2100695;-0.05448665;-0.32602534;-0.42303598;-1.2711965;0.96154207;0.6781839;0.3477464;-0.21938483;0.16917388;0.43460453;0.09291939;-1.5023205;-1.1009172;-0.59045434;0.55001897;0.53944385;1.2756029;0.44098017;-1.4968987;-0.59882593;-0.50157744
-0.4192565;0.57295334;1.0212725;-0.32953367;0.080202974;-0.9730482;0.20480901;-1.9485155;-2.204565;1.1630394;1.7860208;0.049857453;1.1762795;0.25319865;0.22471787;0.5985898;2.1376972;-0.19422226;0.4168903;0.44283044;-0.91040665;0.34835914;0.50683904;1.074578;0.34046128;0.327609;-0.3108674;0.17430876;-0.013635259;-0.46530685;0.009874189;-0.57901263;-2.3567545;2.4868531;2.1041234;-1.1674418;-2.6864617;0.0059042866;-0.019931784
0.24861628;-1.135218;-1.4708164;0.5472207;1.4708931;1.4406707;1.2773198;-0.19406123;-0.52240473;1.7231563;1.9567192;0.37238196;-0.27434263;-1.2923822;-0.64025486;-1.9299251;-3.5086203;-1.0542575;-0.33780414;-2.7403939;-1.5915598;-1.1970456;-3.5710006;-1.4481941;-0.6517054;-0.7096649;1.3743384;-1.2614212;0.44605497;-1.0302238;-1.3717701;-1.3369335;-1.8124664;0.07257482;1.5286939;-1.6371872;-2.092484;-0.18345463;0.8388525
0.6562884;0.43368316;0.9916864;1.1373789;1.4145491;1.6120188;-0.3333131;-0.010645896;0.56030476;-1.2697837;-0.2483387;-1.9242071;-1.362035;-0.1983907;-0.21918947;-0.5836729;0.39737916;1.0658208;0.69341147;-0.3429501;-0.7820941;0.12415572;0.07357325;-0.6898882;-1.1639373;0.083000526;0.6008246;0.42606905;-0.29699457;-1.7467273;-2.519755;-2.3399694;0.22612792;-0.05201557;-0.101792924;0.41006622;1.6578315;2.9770658;0.7841939
-0.9372487;0.69473386;1.3399105;-0.35388586;0.27622843;-0.23039089;-0.4865474;0.08060352;-1.5560172;0.19320573;-1.0629854;-0.03635824;0.59782773;0.9139424;-0.5706947;-0.28508025;-0.19087452;-0.38554952;-1.5270562;1.6416761;2.0867696;-2.0584;0.58451355;0.519523;-0.38959092;0.36091304;-0.55339086;-0.9306282;-0.09319633;0.5985756;0.29308423;-1.1456887;-0.04313198;-0.34453312;2.634483;-0.6987234;0.54161316;0.107363194;-0.5197998
-1.4102436;1.5056734;0.14940318;1.6081365;0.92735714;-0.44303015;-0.06336203;0.75906056;-0.5319886;-1.1733663;1.4617201;-0.791622;-0.67704827;3.094552;2.6634376;2.3454826;1.4950893;1.1533345;-0.84008247;-0.053730045;-1.0366948;-1.3260537;-0.7223719;0.56194854;-1.892498;1.0645719;0.72956616;1.5570153;0.89267236;-1.6425906;0.24785665;0.039796054;-0.5886928;-0.064636886;-2.155464;-0.05628044;-1.3342578;-0.046847448;-0.3499837
0.4139596;0.18547335;-0.6009906;-1.2732712;1.0042647;1.262692;-0.72274643;-0.66180825;1.6269531;0.99014664;0.72856927;-0.61148083;-0.95077133;1.1743219;0.49673808;2.601115;1.0258789;0.11858458;1.3882447;-0.73440987;-0.09216472;-1.13924;0.08192383;-1.494396;0.63369536;0.22535951;-0.67391604;0.047587994;0.76557076;1.4882026;-0.2732395;-1.2211734;1.0973846;0.50695276;-1.6503714;0.19782838;0.83924305;-0.06878437;-0.838483
-1.0840116;-0.643332;-1.0894119;0.19916618;-0.45621064;1.1429839;1.9406421;2.7318673;0.9346134;1.1170604;-0.12088458;0.540147;0.40636903;-1.0075669;-0.7601719;-0.8512009;-0.38764098;-0.9857256;-1.4372164;-1.2217996;-0.43418938;0.23799972;0.7726565;0.10116227;0.61510307;-0.54886687;0.9047553;-0.7561154;0.8165339;0.51125467;0.6078814;-0.27688193;-1.2419405;-2.7998114;-0.62137634;-0.47008425;-1.1281258;-0.66009617;0.8170811
-0.0011249434;-0.12122924;-0.15797293;0.29274786;-1.1850833;0.5980248;0.9479997;0.11576651;0.6059415;-0.23938647;0.61755323;0.09966553;-0.862408;-0.08359984;0.80486554;2.7560081;0.7157284;0.9735827;0.9098838;0.4570555;-0.3410205;-2.4350393;-1.0200276;-1.8237253;0.3797116;-0.28345323;-1.1414152;0.15654314;-0.4664035;-0.3576139;1.4268719;0.6928977;-1.1558939;-0.17768958;0.03309288;0.038137376;0.24841696;1.1347443;-1.2466695
-1.1933571;0.52285045;0.3045519;-0.97330576;-1.6324013;0.020903992;-1.0042384;0.076948024;-0.4889747;0.45652768;-0.7570211;0.7725888;-0.51994276;-0.20146784;-0.009547193;-0.351202;-0.29762256;-0.1363466;-1.9403251;-1.265853;-1.5078404;-0.17496862;-0.15475489;-0.65641224;-1.050496;-0.5820555;0.63084257;-1.0622767;0.2836609;1.942606;1.7064862;-0.693724;-0.79326093;-0.8383207;0.712333;-0.69214714;0.65052825;-0.2586588;0.44834486
0.045343656;-0.027008343;-0.37601787;-0.31232643;0.5256488;-0.9976537;-1.4013218;-1.6035392;0.9124839;-0.5616606;0.22337253;0.05964222;0.58540446;0.65438753;1.0250498;0.17384264;-0.8490142;-0.40054563;-0.4747784;-1.1493263;-0.124443896;-1.7274536;-1.0472605;0.70484114;0.101994835;-0.13595347;-1.7107073;-0.19256285;1.350016;2.1037953;0.85892224;-0.46297142;-0.41055763;0.4810262;0.029149702;0.966214;-0.34986535;-0.3150121;-0.43029127
0.6072884;-2.5871563;-0.48264986;0.62980896;-1.3296672;-0.742416;-0.68577725;-1.7856151;-2.0907245;0.07271159;1.5555497;-1.8205823;1.0908489;1.2154647;-0.42958605;-0.53092766;-0.5143048;-2.7487965;-2.3990302;0.03416905;-0.45791832;0.4846543;0.17770047;-1.0350571;2.4869747;-0.5747989;-0.14487013;0.52045506;2.1416988;-2.2665129;-0.9493853;0.29746425;0.14387591;0.64328843;1.1075852;0.07182318;-0.12381;1.4593437;0.9262257
-0.64392126;0.40583327;0.6947117;1.2793458;1.2163206;0.89012223;1.0412093;0.3684754;-0.124082446;0.8790269;-1.1924077;-1.2642516;-1.265931;0.13632904;0.17623113;0.3814629;-1.5322862;-0.26430172;0.069174744;-2.750828;0.68761605;-0.6109969;0.0068056555;-1.4538591;0.8799997;0.018140227;1.5224489;0.07625361;0.7630277;1.1245553;0.6846094;-0.4929654;-0.40189844;-0.3412561;0.2757959;-0.32549623;0.63672334;1.544496;0.045270987
0.33633196;1.3844527;2.0157418;2.0955896;2.0504186;2.0215247;1.2884297;0.62671447;-1.1736819;0.009388709;-1.267934;-0.89293814;-0.7374983;-0.09735442;0.8249451;0.7588555;0.23806839;0.6818053;0.28335118;0.021551555;0.49099842;-0.3983283;-0.26525307;0.099279426;0.44289523;-0.7938878;-0.49937394;-1.2213278;-1.0173934;-0.3037223;0.49247748;0.707945;-0.34365878;1.3017687;1.9171436;-0.31818768;-0.052476227;-0.45488855;-0.45621368
0.037142042;0.83294255;-0.3434237;-0.001237473;-1.6864207;-0.1509341;1.1822075;2.0433016;-0.23998037;0.97281134;0.583631;-0.052196458;1.2476884;-0.29283416;-1.6939875;-1.4590279;2.2221823;1.0883855;-1.4308447;1.0268946;0.6928738;-0.9295637;-0.11523424;0.36231858;-0.78860456;-0.14955913;-0.14205728;-0.043710884;1.1146795;-0.06509875;0.8605973;0.40724203;-1.4692465;-0.9810179;-0.67756814;-0.72889775;0.04553849;0.3246601;0.046442732
-1.0344867;-0.2584549;-1.195276;0.5618275;-0.6303537;-0.3987738;0.07678363;0.72609997;0.5186298;0.038967036;0.49970695;0.07389944;0.14678285;0.5941598;0.792357;0.012898744;-0.71090394;-1.2816558;-0.49084935;0.5474162;-0.14141992;-0.33574998;0.84013087;-0.2156779;-0.11286944;0.0026444623;0.18790148;0.58022714;0.9078025;-0.44914553;0.3645438;-0.50001895;0.7563985;0.56107515;0.13214101;2.1335618;-0.79733723;-0.79867333;0.23697047
-0.84443265;-0.60482234;0.058191616;-0.27158797;0.11145077;0.8102826;0.17987965;0.33434355;-0.44394505;0.48576546;-0.2043343;-1.6905953;-0.017718025;-0.30414528;0.11598082;-0.061043974;-0.04237999;-0.11471335;-0.7113224;-0.697874;0.20821635;1.0527594;-0.9622021;-2.196343;-1.7919766;-0.031478804;0.0548421;-0.11073987;-0.52293646;-0.7475723;0.69954884;1.4648968;1.6541487;-0.339669;-0.9053689;-0.30895764;0.8157733;0.3228398;0.16202118
0.1439104;-0.54213166;-0.51968443;-1.1336821;-0.6076263;0.17362547;-0.8070952;0.4300007;-0.37479365;1.1174163;0.6760033;0.7300096;-0.07403986;0.49622807;2.0113995;1.0271246;1.0126802;0.7157113;0.83063847;0.548641;-0.9024501;-0.99082536;-1.0435557;-0.29595357;-1.1242228;0.02625016;-0.41877332;0.53487855;-1.7158725;-2.0847533;0.26030695;-0.35795403;0.674782;-0.4139314;1.3994893;-0.8141262;-2.8278809;-0.669213;-0.3505033
-0.18781166;-0.4377371;0.42169896;0.20044623;0.4875656;-0.08442478;-0.005517449;-0.7987047;1.2503313;-1.182569;1.1867214;0.37651208;0.4251371;-0.1666565;-0.28240806;-0.17448814;0.7197781;1.6681111;0.2021657;-1.2137372;1.1316878;-0.22114424;-1.4380366;-0.22793578;0.80918074;-0.33076292;0.27404618;-0.057694398;-0.8513224;-0.66913575;0.0028892823;-0.15910952;0.34925017;0.8659397;-0.7453767;0.76245964;-0.36426765;0.031746294;0.23048456
-1.3041945;0.57785285;0.49410126;0.112017944;0.77269304;-0.24003424;-0.4024341;0.6330021;-0.17343333;0.13583514;1.1677088;0.7813036;-0.71593565;0.35371846;-0.08459456;0.700459;-0.40072784;-0.40839;-2.6096203;-2.1242115;0.48957574;-1.5719587;1.6178449;0.7502128;0.029850833;0.054363742;0.4804411;0.82338023;-0.28739557;0.59667844;0.123229675;0.74575543;0.46568576;-0.47684246;-0.3433813;-0.82793415;-1.2959546;-1.4978666;0.1277895
0.6382433;0.26124904;-0.35284084;0.24267949;1.7852241;0.84359694;-0.33642125;-1.3232228;0.32026336;3.3539996;0.8695517;0.9327717;0.42800316;-0.5910377;-1.8219998;-1.5347165;-0.6368149;0.14499901;0.31282333;-0.15586975;-1.1318532;0.69467854;0.19323102;0.4220549;1.491858;-2.07728;-0.122635;-0.22207461;-0.028353862;-0.14015226;-0.92361873;0.86193514;0.12200014;-0.15119305;-0.2971079;-2.2894435;0.54461676;-1.4794483;0.63193655
0.83672565;0.3471199;-0.6749845;-0.34069028;-0.46366513;0.88620466;1.8709699;0.59000754;-0.80998284;1.048371;-0.38263217;1.1097459;0.43593335;0.06854568;-1.3446776;0.23446636;0.46136528;0.25118148;-0.37731975;-0.6298278;-1.027366;-0.5583871;-0.19326678;-0.2690705;0.65183353;0.038795922;-0.0052721254;0.13187811;-0.42617634;-0.6647614;-0.17035648;-0.59586304;-1.2167556;0.83446646;0.39823288;-1.167807;0.9952938;-1.4923817;-0.1138184
1.8360826;2.282375;0.5766324;0.051984474;-0.57888174;-0.97617865;-0.19775994;0.7209708;-1.0194228;-0.99490005;0.31603932;0.331637;0.31887254;-0.56092376;0.32209048;0.63836217;1.2593296;-0.24114273;-0.7120204;-0.3839272;0.68227494;1.0479459;-0.31329718;0.94651634;0.8827577;-0.38750407;-2.717049;-1.7801538;0.61211556;2.0020676;-0.34967083;0.13500786;-1.2665948;-1.102911;1.1377513;1.143949;-0.12762286;-1.1699492;-2.188392
-1.0022837;-1.9014536;-1.0058548;-0.82165575;-0.422351;-0.74206966;-0.3944304;-0.31284624;0.0075401035;0.15535462;0.34033865;0.2515272;3.7585492;1.4443741;1.4549165;-0.6242434;1.8345566;-0.5165188;1.0739996;0.13378984;0.75864536;0.5014903;0.7061148;0.38493836;0.704744;-0.40596652;1.0827272;0.098233774;-0.27953553;-0.95286524;1.5272347;-0.5045353;0.025347715;0.15579572;0.27357003;-0.46185347;0.10900129;-0.51642394;-4.2613506
1.0023776;0.7224167;-0.00377368;-1.718636;-0.72764987;-0.320156;0.33576402;0.33365738;0.099866726;1.1633397;1.8424364;1.6344513;-0.6068888;-2.8258681;-1.5484143;0.0555373;1.2674065;1.4955479;3.0234885;2.6557722;-0.8130447;-0.41501245;1.0473166;-0.34034684;-1.0759845;-0.66519547;-0.9538185;-0.42402726;-1.1588264;2.239946;1.7249866;-0.015947588;0.23294844;-0.6521921;-0.63656265;-2.0302272;-2.2449439;-1.9236807;-0.27494314
-0.46722162;0.015091075;0.8089352;0.37485915;0.25863814;0.27165774;1.6791714;0.5210155;1.0674583;1.0768235;0.043693867;0.6331845;-0.06244432;1.034491;0.61049116;0.27971342;0.2758739;-0.38181666;-1.0269645;-0.62617207;0.109617986;-0.7961311;-1.0864074;-0.18889976;0.57378745;0.8142145;0.6063788;2.0092227;1.1535584;0.037397847;0.1777507;-0.11262539;-0.5234795;-0.7765721;-1.2850194;-1.1824566;-0.8896631;-0.5624827;0.21282849
0.3477494;0.4994393;0.705995;1.8405526;0.6362948;-0.27718732;-1.0409907;-1.0763717;-1.0468235;1.1797925;-0.10385704;0.28784052;1.1847613;-1.4357657;0.16692573;1.4560696;1.4882506;1.2510767;2.7436023;1.4453102;-0.8561492;1.6306099;0.44264054;0.35752854;-1.2382196;-1.5323136;-1.6933161;-2.3367038;-0.47349498;0.72543013;0.97834986;0.5424121;1.4352511;1.1760964;0.34570485;0.17841738;0.38462815;-0.19443472;-1.4482235
-0.850816;-0.9727774;0.46562698;1.1190338;1.3003215;-0.3077624;-0.994333;-0.8850413;0.5501902;1.1288449;0.9517277;-0.92244035;-0.11833321;0.78799814;2.0988672;0.50734097;-1.7126838;-0.92061985;1.4336213;-0.9832345;0.31060123;-0.74233747;0.3482465;0.13697371;-0.43731436;0.2811831;1.0220805;2.3809512;-0.007730881;-1.4916474;-0.19224228;0.9557153;0.6274411;0.96242267;0.28672624;-1.7756424;-0.1823043;0.27263942;-0.005313956
-0.1312457;-1.570801;0.69669163;-0.92805254;0.91588295;-0.41158664;-1.189544;-1.7075875;0.44200134;-0.17335816;0.96862257;-2.0729766;1.514313;-0.3189853;-0.051299367;0.04091297;1.2089133;-0.17881027;0.16809203;1.5493221;-1.2486365;2.0192544;0.11629128;1.6403588;-1.0581249;-4.963622;0.54271036;0.3629655;-1.060571;0.054342087;-0.85741407;1.315846;0.8105983;1.7336183;1.328762;-1.8167473;-0.67307746;1.9382312;-1.5334227
1.2290709;1.6582415;0.258453;0.08786477;-0.86758626;0.22343919;0.21596283;-1.3254192;-0.55861807;0.48307136;1.0991781;-1.0593297;-0.38895956;-0.7258416;1.0580992;0.9211117;-2.3542554;-0.8109207;-0.55955815;0.6432952;0.42503405;-0.4645005;-0.81281054;-1.1669998;0.5521889;-0.45425627;-1.3699956;-1.351782;0.0771022;-0.009657374;0.65313876;0.5156369;-0.5616644;1.6915116;0.86450845;-0.10916633;-0.9410959;0.18050893;-0.38862187
0.21335244;1.2497021;0.14662036;0.2180139;0.4417418;0.35886526;-0.75839776;-1.4202471;-0.34908494;0.6091201;1.50595;1.8562964;-1.5780838;-0.20295662;1.6053706;1.1354811;-1.4794954;0.33890298;-1.0693804;-0.0047738934;-1.2912717;-0.46391734;1.9404384;-1.0963725;-1.1973147;0.75653934;-1.736404;-1.3683925;-0.64929837;-0.3655867;-0.59725946;-1.8248074;1.1048934;0.84137356;-0.16407079;0.43743587;-1.0037695;-0.7423593;0.9546805
0.16033395;0.5048537;0.26019016;-1.9264424;-1.0539999;-0.06571943;-0.4811214;0.1305469;-0.874853;-1.2326988;0.38025406;-0.11147505;0.23901775;-0.9772743;-0.5949166;-0.75969744;0.0056695626;-0.7034621;-1.0129256;1.7694596;-0.16438138;0.17356214;-1.1629013;-1.5932742;0.7329846;-0.45398366;-0.33203557;-1.1815598;-0.42002416;-0.114065334;-0.23203729;-0.88233536;-0.10302472;0.8079396;0.74603087;1.3412282;0.08170209;-0.2964403;0.017438697
-1.3645432;0.31434503;0.34272748;0.303241;2.2220337;0.19709796;1.6863052;0.2375584;-0.39299458;0.33616236;-0.19592816;0.8046678;-0.7551693;-0.06804567;0.44395363;1.0027455;0.7425434;-0.24688108;1.0723497;0.9739136;-0.5715718;-0.097692795;0.3913523;1.0885254;0.23076873;-0.116203964;0.5880546;-0.37243024;-0.31633863;0.65443534;-1.1407586;1.0027926;-0.3556304;-0.09047354;-0.5003774;0.063527405;1.0803643;0.81988245;-0.38807914
-1.6935159;-2.7191622;-0.78708565;0.9976347;-0.19094568;-1.5280038;-1.795856;-0.88160574;1.9526422;-0.19247463;2.7318249;-1.1514033;2.1619115;-3.1193078;-3.5544865;-0.45780167;-1.2618216;1.0706928;1.4764458;-1.4139599;1.1774563;-0.4043938;-3.2948527;0.29753092;-3.1138043;2.318475;2.0966046;0.9423291;-0.97494847;-1.478396;-0.6306314;2.2279897;2.2245748;-0.6957587;-1.3159741;-0.27078345;-1.2538184;0.60348386;-1.5717537
1.6506473;0.6319584;0.54471374;0.20717129;0.4960317;-0.19689609;1.085101;-1.0765352;0.2629558;0.47866374;0.97867405;0.77777636;-1.3367071;0.6039412;-0.77414083;1.3374704;-0.23754983;0.06391121;-1.6258284;0.30463016;1.2712337;0.30178133;0.85170126;0.52977717;-1.2921311;0.3490942;-3.2199714;-0.6605372;-1.1720494;-0.2999047;-0.47454503;-0.018100984;-1.1617652;0.4257654;0.57273287;-0.6203558;0.68974996;-0.7398383;-1.0264663
-1.5304157;-0.79197407;0.05150886;0.11518482;-1.1030172;-0.4919967;-0.26428735;1.6985967;1.035916;0.019275859;0.106079616;0.35151732;0.8071097;2.1946268;-0.7223837;-0.6964845;1.4323403;-0.3629774;0.8053631;-1.7847892;-1.6605376;-1.4679644;-1.3508009;-1.4885886;-0.6625026;1.1855744;3.3764224;0.96152717;-0.6081666;-0.5813798;1.964474;1.2211671;0.053548623;-1.1779848;-2.2924352;-0.54557;-0.08913133;-0.64837635;1.7024847
-0.117773145;-0.5270681;-1.3776885;-0.9961662;0.7261874;0.32633772;-1.0723392;-0.09290148;-0.052252628;0.31361365;0.21263163;0.20160164;-0.38944295;0.09784276;0.33430946;-0.0074736616;1.1533444;0.37958813;0.524337;-0.9988511;-1.5824964;-0.37485898;0.029381005;1.0190092;-1.03626;-0.55052876;1.0996615;-0.10766169;1.1402599;1.7280416;1.0654563;-0.4120586;0.034825776;-1.1853005;0.6608824;-0.9012699;-0.8612314;-1.1664376;-0.11697543
-0.5018006;-0.02288097;-1.0114802;0.09849729;0.11933998;1.0788139;1.0914274;0.637545;-1.2948225;0.3036214;1.1382277;0.8134774;0.73221964;0.36231607;0.23721175;-0.99113727;0.19111827;-0.0129128825;0.3696657;-0.53273845;-1.8398522;-0.040975533;2.0893574;1.8118747;-0.3013712;0.2208566;-0.37128237;0.19934024;1.0044434;1.3126923;1.0079427;-0.43867046;-0.51875335;0.06718629;-0.62128913;-0.8159139;-0.38301435;-1.6310099;-0.016304221
1.4552577;2.6523552;2.1093013;-0.5004435;0.17616886;-1.2634985;-0.7086584;0.84541094;-0.18990299;-1.8157471;0.37453446;-1.1839304;0.034328703;1.3406185;0.75387746;2.0975456;0.3769038;-0.4888793;1.0617548;0.23329622;1.6883324;-0.42803982;0.3207292;-1.4372327;-1.819043;0.52189916;-3.4489486;-2.85072;-1.1748004;-0.10315633;-0.49322918;-0.26515678;-0.6390145;-1.2711657;-0.17286627;1.9576668;-0.98892945;0.47866198;-2.1691024
-1.0918003;-0.283831;0.115986094;1.0634657;0.87787133;0.9653493;0.46268868;0.70880586;0.94168264;1.421236;0.25689453;1.0608509;0.33532944;0.44671637;0.5666592;-0.25323498;-0.8264707;0.6433556;0.52826464;1.1247219;0.21452649;-0.49785206;-0.7886906;-0.04925396;0.74795645;-0.046254016;0.7281799;1.156801;1.0230024;0.10749415;0.16752827;0.21263234;-1.1572297;-0.14387906;0.18086393;-0.11354252;0.33847663;-1.3597277;0.037127413
1.0099328;0.7788265;0.54202044;0.43572414;-0.33849207;-1.5324267;1.5511092;-0.47914067;-0.80215096;-0.8274796;-0.055090964;-0.121807985;1.8035884;0.44415316;0.75922966;0.9136509;1.4529402;0.6380032;-1.1423067;0.24243794;-0.6784594;-0.9128398;0.98907673;0.218393;0.058279693;0.23951215;-3.6475105;-1.7893666;0.055077486;0.6744736;-0.27902082;2.078926;-1.9862938;1.3998454;-0.3400954;-0.046314057;0.06828906;0.1630575;-2.5901594
0.18725702;-0.7467208;-1.5172845;0.56028086;0.35261294;-0.45619297;0.24413468;1.9593829;-0.5520169;0.969709;1.4061893;-1.4621056;-1.761255;-0.94923455;-0.2451724;-0.29693565;-0.44953176;0.6481765;2.6966734;-0.37543225;-1.6471606;-1.6377465;-1.5759495;1.5029991;-0.027964499;-0.31769255;-0.37268528;0.23526436;0.91367674;-0.32168514;-0.6662796;0.17501095;-0.68639076;-1.2303823;1.978931;0.27714914;-0.65714;0.8004985;0.27102506
-0.82431304;-1.4653938;4.115794;-0.082434535;-0.8034155;1.8680463;-1.5737692;-0.8784023;1.2938527;-3.2626505;-0.16475299;1.431042;-0.99629253;-0.5755998;-1.065127;-0.4720885;1.1644522;-0.4471317;-3.7692559;0.38102064;1.2803994;-0.8538809;-0.17834671;2.3994267;0.11207677;-0.5951188;-1.2908446;0.23084986;-1.6641669;-0.82712716;0.14472575;-1.0061786;0.7998593;-0.8734032;1.7890217;0.8387331;1.3679588;-0.6540418;0.90037435
-2.1276612;-1.8131851;-0.77397275;-1.0194961;0.9505385;-0.5986749;0.11476343;0.55659235;-0.5184317;-1.463266;-0.9276609;-1.888045;3.3047087;0.15680878;1.109297;0.5114834;-0.55833495;0.1367169;-0.14415598;0.81622744;2.0245714;-1.066336;0.2975952;-0.4777238;-0.30571944;0.02331258;0.03074966;-0.6979578;-0.28192782;0.2995968;-1.4196222;1.0205913;-0.27147716;-0.8593248;-0.21776828;1.7917329;1.5931191;1.2430327;-0.010700548
-1.0488825;-0.5733122;0.8592326;-0.34168354;-0.6124711;-0.91510457;-0.1445028;0.6547921;1.670149;0.993329;0.7939065;0.48860872;-1.1285775;0.51004887;0.8451846;0.96708995;-1.2414331;-0.30611834;-0.9690006;0.88664055;-0.48767784;-0.1321144;-1.5676465;0.74193233;-0.32975703;0.28609422;2.3850477;0.55421066;-1.486922;0.011595701;-0.4912202;0.43995664;-0.14413762;-0.41654882;-0.9697142;-1.022996;0.19628239;-1.0912167;1.2840718
-0.9471265;-0.15697457;0.029195834;0.3222518;-2.0649567;-0.07405015;-0.7721887;-0.79244655;1.7606453;0.740709;-1.3373208;-0.39252117;0.35601002;0.0886941;0.7567417;-0.70165616;-1.7594234;-0.15826353;0.60835195;-0.24490313;0.6947899;0.34329975;0.7223565;-0.9165662;-0.23818229;-0.028627126;-0.40521944;-0.5151548;0.65886265;0.31835175;0.83390254;0.50272053;0.9363306;-0.1860194;-0.6455004;0.5347163;0.38599825;0.83115095;-0.26726505
